544 241 522 098 863 683 043 767 711 781 350 574 482 546 240 930 230 726 515 167
278 901 805 346 463 516 889 446 412 806 987 887 713 175 688 489 602 507 083 937
235 191 616 089 313 086 971 719 903 236 785 767 745 157 821 595 164 726 579 097
866 330 903 492 857 381 726 688 372 667 154 882 744 897 041 916 224 202 879 004
624 834 174 494 236 998 068 252 016 344 708 100 993 606 651 825 066 443 195 311
591 660 658 523 605 579 067 344 478 966 626 682 128 312 516 541 654 950 436 773
213 346 398 215 096 018 390 406 386 537 049 974 938 412 682 164 001 765 989 939
709 602 318 367 905 054 242 612 881 198 659 486 729 556 408 378 950 238 882 587
243 079 430 429 524 212 409 549 398 183 854 342 851 054 002 268 185 389 359 763
628 118 739 864 526 351 249 349 565 442 261 200 804 214 012 133 303 052 153 510
042 114 928 665 562 554 565 153 794 339 917 402 254 630 579 001 267 761 083 200
603 447 185 557 796 564 714 780 194 956 345 751 031 708 762 764 857 975 849 054
083 849 506 937 745 766 178 898 215 995 004 100 450 675 173 155 837 890 383 747
412 356 296 632 300 078 795 103 223 227 637 483 963 615 032 912 779 238 450 371
916 757 246 847 065 599 448 992 070 488 909 490 799 716 448 090 168 616 549 890
030 191 552 216 452 141 294 792 286 950 858 892 401 951 896 962 311 059 756 309
982 246 859 817 025 476 655 819 317 778 694 293 141 627 172 725 877 091 803 631
457 975 881 805 517 329 793 221 638 263 784 474 815 508 512 104 524 677 471 716
266 788 608 793 187 151 879 587 125 233 113 814 131 383 777 894 610 059 995 928
501 707 059 551 551 994 406 511 695 573 351 197 918 718 170 852 738 531 363 608
