The followig is the matrix read from the file

544 241 522 098 863 683 043 767 711 781 350 574 482 546 240 930 230 726 515 167
278 901 805 346 463 516 889 446 412 806 987 887 713 175 688 489 602 507 083 937
235 191 616 089 313 086 971 719 903 236 785 767 745 157 821 595 164 726 579 097
866 330 903 492 857 381 726 688 372 667 154 882 744 897 041 916 224 202 879 004
624 834 174 494 236 998 068 252 016 344 708 100 993 606 651 825 066 443 195 311
591 660 658 523 605 579 067 344 478 966 626 682 128 312 516 541 654 950 436 773
213 346 398 215 096 018 390 406 386 537 049 974 938 412 682 164 001 765 989 939
709 602 318 367 905 054 242 612 881 198 659 486 729 556 408 378 950 238 882 587
243 079 430 429 524 212 409 549 398 183 854 342 851 054 002 268 185 389 359 763
628 118 739 864 526 351 249 349 565 442 261 200 804 214 012 133 303 052 153 510
042 114 928 665 562 554 565 153 794 339 917 402 254 630 579 001 267 761 083 200
603 447 185 557 796 564 714 780 194 956 345 751 031 708 762 764 857 975 849 054
083 849 506 937 745 766 178 898 215 995 004 100 450 675 173 155 837 890 383 747
412 356 296 632 300 078 795 103 223 227 637 483 963 615 032 912 779 238 450 371
916 757 246 847 065 599 448 992 070 488 909 490 799 716 448 090 168 616 549 890
030 191 552 216 452 141 294 792 286 950 858 892 401 951 896 962 311 059 756 309
982 246 859 817 025 476 655 819 317 778 694 293 141 627 172 725 877 091 803 631
457 975 881 805 517 329 793 221 638 263 784 474 815 508 512 104 524 677 471 716
266 788 608 793 187 151 879 587 125 233 113 814 131 383 777 894 610 059 995 928
501 707 059 551 551 994 406 511 695 573 351 197 918 718 170 852 738 531 363 608

The following is the rotated matrix

501 266 457 982 030 916 412 083 603 042 628 243 709 213 591 624 866 235 278 544
707 788 975 246 191 757 356 849 447 114 118 079 602 346 660 834 330 191 901 241
059 608 881 859 552 246 296 506 185 928 739 430 318 398 658 174 903 616 805 522
551 793 805 817 216 847 632 937 557 665 864 429 367 215 523 494 492 089 346 098
551 187 517 025 452 065 300 745 796 562 526 524 905 096 605 236 857 313 463 863
994 151 329 476 141 599 078 766 564 554 351 212 054 018 579 998 381 086 516 683
406 879 793 655 294 448 795 178 714 565 249 409 242 390 067 068 726 971 889 043
511 587 221 819 792 992 103 898 780 153 349 549 612 406 344 252 688 719 446 767
695 125 638 317 286 070 223 215 194 794 565 398 881 386 478 016 372 903 412 711
573 233 263 778 950 488 227 995 956 339 442 183 198 537 966 344 667 236 806 781
351 113 784 694 858 909 637 004 345 917 261 854 659 049 626 708 154 785 987 350
197 814 474 293 892 490 483 100 751 402 200 342 486 974 682 100 882 767 887 574
918 131 815 141 401 799 963 450 031 254 804 851 729 938 128 993 744 745 713 482
718 383 508 627 951 716 615 675 708 630 214 054 556 412 312 606 897 157 175 546
170 777 512 172 896 448 032 173 762 579 012 002 408 682 516 651 041 821 688 240
852 894 104 725 962 090 912 155 764 001 133 268 378 164 541 825 916 595 489 930
738 610 524 877 311 168 779 837 857 267 303 185 950 001 654 066 224 164 602 230
531 059 677 091 059 616 238 890 975 761 052 389 238 765 950 443 202 726 507 726
363 995 471 803 756 549 450 383 849 083 153 359 882 989 436 195 879 579 083 515
608 928 716 631 309 890 371 747 054 200 510 763 587 939 773 311 004 097 937 167
