The followig is the matrix read from the file

338 263 235 445 603 700 869 734 327
791 829 735 251 356 709 885 242 623
139 523 528 109 147 717 289 017 479
048 986 583 037 710 326 203 600 381
569 050 004 160 831 030 750 036 285
525 312 932 478 371 384 084 742 242
866 264 490 088 064 620 364 376 056
037 746 935 029 022 039 239 259 163

The following is the rotated matrix

037 866 525 569 048 139 791 338
746 264 312 050 986 523 829 263
935 490 932 004 583 528 735 235
029 088 478 160 037 109 251 445
022 064 371 831 710 147 356 603
039 620 384 030 326 717 709 700
239 364 084 750 203 289 885 869
259 376 742 036 600 017 242 734
163 056 242 285 381 479 623 327
